 7.95810063182280e-002   -2.43190661478598e-004
 9.57365784947426e-002   -2.43190661478598e-004
 1.13687214246425e-001   -2.43190661478598e-004
 1.31488261366844e-001   -2.43190661478598e-004
 1.54973567339621e-001   -4.25583657587603e-004
 1.74419107182874e-001   -2.06712062256809e-003
 2.01937085466329e-001   -1.26459143968871e-002
 2.28556986283828e-001   -2.41366731517510e-002
 2.56222479620732e-001   -3.81809338521401e-002
 2.78053907202663e-001   -5.24075875486382e-002
 3.01675050711710e-001   -7.55714980544747e-002
 3.21705084849349e-001   -1.00376945525292e-001
 3.41881215276666e-001   -1.31018968871595e-001
 3.58765086188080e-001   -1.63849708171206e-001
 3.73255648134944e-001   -1.96498054474708e-001
 3.85652296651135e-001   -2.28599221789883e-001
 3.98646972285359e-001   -2.61247568093385e-001
 4.13585099633595e-001   -2.95902237354086e-001
 4.28822513380034e-001   -3.30374513618677e-001
 4.41672184081325e-001   -3.55362354085603e-001
 4.63943646703084e-001   -3.84180447470817e-001
 4.83230103111385e-001   -4.01690175097276e-001
 5.08203765035258e-001   -4.14457684824903e-001
 5.30488214802290e-001   -4.21571011673152e-001
 5.66536673952079e-001   -4.25583657587549e-001
 6.25773990203982e-001   -4.25218871595331e-001
 6.93835944343716e-001   -4.26678015564202e-001
 7.25250320858883e-001   -4.25401264591440e-001
 7.47692544432771e-001   -4.18835116731518e-001
 7.64602062227707e-001   -4.08803501945525e-001
 7.82115063924402e-001   -3.90199416342412e-001
 8.09064481721957e-001   -3.50984922178988e-001
 8.32274620280610e-001   -3.11040856031128e-001
 8.52191517102288e-001   -2.74927042801556e-001
 8.72707314127395e-001   -2.37901264591440e-001
 9.01754355968557e-001   -1.93032587548638e-001
 9.14628145653926e-001   -1.77711575875486e-001
 9.29444404832237e-001   -1.66038424124514e-001
 9.39170394256262e-001   -1.61478599221790e-001
 9.51885646185053e-001   -1.61113813229572e-001
