 7.68570938411391e-002   -3.70483400016053e-004
 9.57282552753474e-002   -5.68009889902354e-004
 1.13398524618288e-001    9.08751167055022e-004
 1.31068793961228e-001   -3.05837387313990e-003
 1.49596843369360e-001   -5.76867869972608e-003
 1.67781780751415e-001   -2.82593271728349e-003
 1.86652942185624e-001    2.62980712448846e-003
 2.05009435580717e-001   -4.99365932424167e-004
 2.22165036884543e-001   -6.56061660162199e-003
 2.40521530279636e-001   -8.01474778248767e-003
 2.58878023674730e-001   -8.00321732181236e-003
 2.77577629095900e-001   -1.57385400152245e-002
 2.96105678504032e-001   -2.91272368016097e-002
 3.13947503860010e-001   -4.23069843987479e-002
 3.31274661176874e-001   -5.52776750453244e-002
 3.50145822611083e-001   -7.76695063928322e-002
 3.69016984045291e-001   -1.15555475093774e-001
 3.87201921427346e-001   -1.52394973667445e-001
 4.05558414822440e-001   -1.92584448231895e-001
 4.22714016126265e-001   -2.20630623524209e-001
 4.41413621547435e-001   -2.34019212549279e-001
 4.59770114942529e-001   -2.56620747415237e-001
 4.78298164350660e-001   -2.88644285072644e-001
 4.96997769771831e-001   -3.06011098553326e-001
 5.14668039114771e-001   -3.05999999137909e-001
 5.32338308457711e-001   -2.96148028700718e-001
 5.51209469891920e-001   -2.77501334085076e-001
 5.69394407273975e-001   -2.58855070514694e-001
 5.87750900669068e-001   -2.54655935363901e-001
 6.06622062103277e-001   -2.51503378101694e-001
 6.23606107394064e-001   -2.41233078240749e-001
 6.41791044776119e-001   -2.30333883347084e-001
 6.60319094184251e-001   -2.21109514806836e-001
 6.79018699605421e-001   -2.15235122257367e-001
 6.97718305026591e-001   -2.07685687831851e-001
 7.15731686395608e-001   -1.90505193664324e-001
 7.33230399725510e-001   -1.70184319263154e-001
 7.51415337107566e-001   -1.36043918339338e-001
 7.70114942528736e-001   -7.74057066943915e-002
 7.88814547949906e-001   -9.76414496569311e-003
 8.06484817292846e-001    3.73575072135424e-002
 8.24155086635787e-001    6.54255580527444e-002
 8.42340024017842e-001    9.78909171005138e-002
 8.61211185452050e-001    1.31612988600577e-001
 8.79910790873220e-001    1.42931267247198e-001
 8.98438840281352e-001    1.39174061248083e-001
 9.15422885572139e-001    1.43162954073852e-001
 9.33950934980271e-001    1.53224843552123e-001
 9.52650540401441e-001    1.56167912818510e-001
