 7.63834872550357e-002   -2.20464035434942e-001
 9.40139408762947e-002   -2.09910160298941e-001
 1.12810787953259e-001   -2.18883346707514e-001
 1.30959204122881e-001   -2.43824686988808e-001
 1.48978791055513e-001   -2.19075900406373e-001
 1.67257215479696e-001   -2.20947835230282e-001
 1.85535122286408e-001   -2.54762979365899e-001
 2.03943353669469e-001   -2.45987867909198e-001
 2.22482427246348e-001   -1.62679291548471e-001
 2.40372034680946e-001   -1.59225287683882e-001
 2.58519386859102e-001   -2.49827669328131e-001
 2.76797494961497e-001   -2.71220454286973e-001
 2.95206560283815e-001   -2.10981283383631e-001
 3.13357276975527e-001   -9.39528045017766e-002
 3.31508338745551e-001    4.43711472545498e-002
 3.49534165844350e-001    4.54213068317023e-001
 3.68214807799288e-001    1.27398939142995e+000
 3.86251044760539e-001    2.32624474420567e+000
 4.04417376245930e-001    3.40689337065739e+000
 4.23098420792234e-001    4.25151441212387e+000
 4.41125398152077e-001    4.73234124276791e+000
 4.59274389452221e-001    4.74289235727741e+000
 4.77671779624937e-001    4.08263469592777e+000
 4.95805386183611e-001    3.14376264478372e+000
 5.13940171759855e-001    2.27765012596077e+000
 5.32461042455704e-001    1.23762250819309e+000
 5.50463461742246e-001    2.02921519270539e-001
 5.68864647776409e-001   -2.23085940459900e-001
 5.87534247225319e-001   -8.47647493300807e-002
 6.05036705548845e-001    2.69433121162890e-002
 6.23443815427387e-001   -3.34918632690449e-002
 6.41592605431849e-001   -3.53631079363268e-002
 6.60001584484589e-001    1.95521947483970e-002
 6.78667848176470e-001   -4.79828519083478e-002
 6.96681396238618e-001   -3.95904840629176e-001
 7.15081575794367e-001   -8.84024096243492e-001
 7.32834388434240e-001   -1.32245046436757e+000
 7.51240693130051e-001   -1.43257507646001e+000
 7.69528463425221e-001   -8.57694620933630e-001
 7.87693328327781e-001    1.32448245801583e-001
 8.05724446627384e-001    8.68820750939296e-001
 8.24657743420758e-001    1.28043246364492e+000
 8.42812342243495e-001    1.63703501236459e+000
 8.60966020857396e-001    1.93684963341899e+000
 8.78984371259405e-001    1.88528964220124e+000
 8.96996596521352e-001    1.45573500746160e+000
 9.15653226776984e-001    7.93701343059174e-001
