 7.60726133531422e-002   -2.07777132907719e-001
 9.43928302263888e-002   -2.17063261752757e-001
 1.12713440913412e-001   -2.17063261752757e-001
 1.30693698044272e-001   -2.42600116076610e-001
 1.48845264167820e-001   -2.28670922809054e-001
 1.67335707045870e-001   -2.24027858386535e-001
 1.85654742477788e-001   -2.61172373766686e-001
 2.03806308601336e-001   -2.47243180499130e-001
 2.21960828328206e-001   -1.63668020893790e-001
 2.40281635922117e-001   -1.59024956471271e-001
 2.58598308471377e-001   -2.51886244921648e-001
 2.76917836170515e-001   -2.77423099245502e-001
 2.95241597367749e-001   -2.03134068485200e-001
 3.13397003175616e-001   -9.86651189785259e-002
 3.31723717976171e-001    4.52698781195591e-002
 3.50061558015907e-001    4.51538015089959e-001
 3.68077553746966e-001    1.26871735345328e+000
 3.86612202221405e-001    2.31572838073128e+000
 4.04639618551976e-001    3.40220545560070e+000
 4.22995967839198e-001    4.24492164828787e+000
 4.41167618465337e-001    4.73244341265235e+000
 4.59658159796832e-001    4.73940800928613e+000
 4.77781174421598e-001    4.08009286128845e+000
 4.95892473086520e-001    3.14451538015090e+000
 5.14176262185460e-001    2.27626233313987e+000
 5.32622794827453e-001    1.24550203134068e+000
 5.50729663087392e-001    2.05455600696460e-001
 5.68692887772427e-001   -2.21706326175276e-001
 5.86679938190928e-001   -8.70574579222287e-002
 6.05175008380849e-001    2.66976204294833e-002
 6.23832329846605e-001   -3.36622170632617e-002
 6.41813669965349e-001   -3.36622170632617e-002
 6.59967894331888e-001    4.29483459082993e-002
 6.78284862241480e-001   -4.29483459082995e-002
 6.96591000272224e-001   -3.84213580963436e-001
 7.14381931430130e-001   -8.74056877539176e-001
 7.32853175886586e-001   -1.32211259431225e+000
 7.51169454622069e-001   -1.42426001160766e+000
 7.69344649572195e-001   -8.53163087637841e-001
 7.87537369235366e-001    1.31166569936158e-001
 8.05720046647242e-001    8.78699941961695e-001
 8.24057886686978e-001    1.28496807893210e+000
 8.42393560750944e-001    1.64016250725479e+000
 8.60557138194669e-001    1.93731863029600e+000
 8.79215444194865e-001    1.90017411491584e+000
 8.97347910350263e-001    1.46372605919907e+000
 9.15301388144335e-001    8.06732443412652e-001
