 7.78072502210433e-002    9.54773869346734e-001
 9.63748894783378e-002    8.59854829704076e-001
 1.13174182139699e-001    8.04020100502512e-001
 1.31564986737401e-001    9.04522613065327e-001
 1.49955791335102e-001    1.07202680067002e+000
 1.68523430592396e-001    8.15187046342825e-001
 1.86560565870911e-001    7.76102735901731e-001
 2.04951370468612e-001    8.76605248464546e-001
 2.23342175066313e-001    1.18369625907314e+000
 2.42086648983201e-001    1.28419877163596e+000
 2.59770114942529e-001    1.66387493020659e+000
 2.77630415561450e-001    2.17197096594082e+000
 2.96021220159151e-001    2.82523729759911e+000
 3.14235190097259e-001    3.42825237297599e+000
 3.32095490716180e-001    4.44444444444444e+000
 3.50663129973475e-001    5.95198213288666e+000
 3.69230769230769e-001    7.48743718592965e+000
 3.87267904509284e-001    8.35287548855388e+000
 4.06012378426172e-001    9.16247906197655e+000
 4.24049513704686e-001    9.10106085985483e+000
 4.41556145004421e-001    7.74427694025684e+000
 4.59416445623342e-001    6.56058068118370e+000
 4.77807250221043e-001    4.97487437185930e+000
 4.96374889478338e-001    3.28866554997208e+000
 5.14942528735632e-001    2.25572305974316e+000
 5.32802829354553e-001    1.56337241764377e+000
 5.51016799292661e-001    1.78671133445004e-001
 5.69407603890362e-001   -4.13176996091568e-001
 5.86737400530504e-001   -1.17252931323282e-001
 6.05305039787798e-001    1.00502512562814e-001
 6.23695844385500e-001    5.58347292015604e-003
 6.41732979664014e-001    1.56337241764376e-001
 6.59946949602122e-001    2.34505862646566e-001
 6.78514588859416e-001    3.18257956448910e-001
 6.97259062776304e-001   -1.45170295924066e-001
 7.15296198054819e-001   -1.50753768844221e+000
 7.32625994694960e-001   -3.45616973757677e+000
 7.50486295313882e-001   -5.55555555555556e+000
 7.69407603890363e-001   -8.86097152428811e+000
 7.87621573828470e-001   -8.91680625348967e+000
 8.05658709106985e-001   -8.38637632607482e+000
 8.24049513704686e-001   -7.77219430485762e+000
 8.42440318302387e-001   -6.88442211055276e+000
 8.60477453580902e-001   -6.24232272473479e+000
 8.78868258178603e-001   -5.02512562814070e+000
 8.96551724137931e-001   -3.46175321049693e+000
 9.14412024756852e-001   -2.30597431602457e+000
 9.32979664014147e-001   -6.86767169179230e-001
