 2.08858849110806e-001    6.94057311440557e-003
 2.60575695348136e-001    6.38957113631860e-003
 3.09351240467654e-001    6.85347364613723e-003
 3.58949055444185e-001    6.34435876057947e-003
 4.09000527715660e-001    6.95324580423926e-003
 4.61142341458530e-001    6.43768436854186e-003
 5.10763552275230e-001    6.81137251867120e-003
 5.59092100229487e-001    6.40858199264306e-003
 6.08716128793360e-001    6.88859313612158e-003
 6.58739850524489e-001    6.45035979073645e-003
 7.10050685009992e-001    6.57918104369982e-003
 7.59228399498828e-001    6.21827442244650e-003
 8.09699972257998e-001    6.67895320180184e-003
 8.59299068028699e-001    6.21816694958461e-003
 9.11024709052662e-001    5.99902158710264e-003
 9.59774638288784e-001    5.49635143011058e-003
 1.00938474888935e+000    5.45119142462195e-003
 1.05897914841476e+000    4.81320018348942e-003
 1.10900022317127e+000    4.27508766253385e-003
 1.16113913378069e+000    3.64998132459790e-003
 1.21078066653155e+000    4.79048379039707e-003
 1.25995419709276e+000    4.27170363356467e-003
 1.30954244880616e+000    3.40173495239758e-003
 1.36168716568248e+000    2.99571841893872e-003
 1.41173180705172e+000    3.34685275144900e-003
 1.46091985328019e+000    3.37579710580934e-003
 1.50926078224475e+000    3.44018336873970e-003
 1.55930328895704e+000    3.71076997901575e-003
 1.61061369651115e+000    3.82348168753227e-003
 1.66064296835035e+000    3.59467241995613e-003
 1.71067249634838e+000    3.37552887904809e-003
 1.75901496226595e+000    3.49790950198710e-003
 1.81202643525012e+000    3.79749010451309e-003
 1.86121072448236e+000    3.68467046774119e-003
 1.91166419535060e+000    3.46230456255030e-003
 1.96000341658960e+000    3.46225264769329e-003
 2.00920341689699e+000    3.94226424656529e-003
 2.06093921888804e+000    4.10652604191823e-003
 2.11183012365840e+000    4.38999937696479e-003
 2.16017463884664e+000    4.58970581324865e-003
 2.21022568418673e+000    5.18248331246161e-003
 2.26281919134015e+000    5.71081990152628e-003
 2.31158542935536e+000    5.82353434240370e-003
 2.36122636440228e+000    6.94148344597728e-003
 2.40916888099376e+000    7.97244283111184e-003
 2.45880042355009e+000    8.73598195685482e-003
 2.51139316222701e+000    9.23532136591518e-003
 2.56103546345437e+000    1.04048210117187e-002
 2.61067605695618e+000    1.15098824797348e-002
