 2.10139472508052e-001    7.26276263716203e-003
 2.59736262849247e-001    6.71498484493183e-003
 3.09363621477962e-001    7.32065043509574e-003
 3.58961180295659e-001    6.80186982286987e-003
 4.08584781928142e-001    7.26577142190154e-003
 4.58183706926287e-001    6.79854135190557e-003
 5.07802697699759e-001    7.08845987091132e-003
 5.61224110204540e-001    6.85642505129794e-003
 6.10845491793795e-001    7.23655701920602e-003
 6.60446807607724e-001    6.85954039811238e-003
 7.10059565182903e-001    6.91425956819419e-003
 7.59238389693353e-001    6.59523776250268e-003
 8.10059565182903e-001    6.59523776250268e-003
 8.08468585434848e-001    5.54795707495188e-003
 9.58068364295773e-001    5.54795707495188e-003
 9.58068364295773e-001    5.11294609384959e-003
 1.01106882245008e+000    4.99690044964699e-003
 1.06108562789269e+000    4.29769248422296e-003
 1.11068557752617e+000    3.86912532089942e-003
 1.16028066014181e+000    3.25690935088185e-003
 1.20992424216334e+000    4.47473763002587e-003
 1.25952487488704e+000    4.07194573781728e-003
 1.30911158964744e+000    3.14398269664154e-003
 1.35956249892733e+000    2.82495952476958e-003
 1.40833488475457e+000    3.16965140568156e-003
 1.45794542228652e+000    3.14060094463978e-003
 1.51137528803282e+000    3.22753510507393e-003
 1.56099351032979e+000    3.48845644407536e-003
 1.61018454507799e+000    3.63016760956362e-003
 1.66021390230347e+000    3.40458025087684e-003
 1.70939580071993e+000    3.20154716520261e-003
 1.75943412350459e+000    3.31426023989958e-003
 1.80905311427806e+000    3.60417875890533e-003
 1.85866126099423e+000    3.48491484896121e-003
 1.90826727305345e+000    3.28510321678287e-003
 1.96169338180352e+000    3.23027338608479e-003
 2.01131698343600e+000    3.69417498511646e-003
 2.06050716432142e+000    3.80366706171103e-003
 2.11012632586745e+000    4.10002939849551e-003
 2.16060660802698e+000    4.88934288456649e-003
 2.20981224382871e+000    5.58200047013685e-003
 2.25901267106749e+000    6.07812161345569e-003
 2.30862619711918e+000    6.16183796354182e-003
 2.35911783565367e+000    7.37966533189888e-003
 2.41172261379579e+000    8.33329389436027e-003
 2.46220579908876e+000    9.23215228266979e-003
 2.51183554853326e+000    9.92803132173604e-003
 2.56105518768459e+000    1.11490819651629e-002
 2.61070192899841e+000    1.24861208732136e-002
