 2.09260079231066e-001    6.08032298555056e-003
 2.60132284406550e-001    5.65819827382531e-003
 3.09323831472420e-001    5.81924089264978e-003
 3.59353701015564e-001    5.61298498729922e-003
 4.09830994655360e-001    6.28953166224228e-003
 4.60274816874184e-001    5.70309005255269e-003
 5.10311858864680e-001    5.76747449390913e-003
 5.58646469244674e-001    5.59343949902618e-003
 6.09547278823284e-001    6.25065426523955e-003
 6.59146374593985e-001    5.78986801302232e-003
 7.09186832035599e-001    5.98312880995351e-003
 7.59635862817381e-001    5.59322364251543e-003
 8.10123146651701e-001    6.64673365751467e-003
 8.59300519595425e-001    6.27293940070388e-003
 9.09770384629035e-001    6.66918000227184e-003
 9.60640113602458e-001    6.15361993275489e-003
 1.00944784934878e+000    7.83218209386565e-003
 1.05948079279793e+000    7.74191490853237e-003
 1.10953704670097e+000    8.53122884999683e-003
 1.16084830811786e+000    8.67615964740704e-003
 1.20966927873727e+000    1.08541176863700e-002
 1.26057025908844e+000    1.15177762703621e-002
 1.31102509613712e+000    1.13469609074011e-002
 1.36063384055724e+000    1.12502503596826e-002
 1.41069743768018e+000    1.23166484656328e-002
 1.46113895446950e+000    1.16432153159302e-002
 1.50817552265154e+000    1.04897213848596e-002
 1.55904038460712e+000    9.79051250864856e-003
 1.60951622668019e+000    1.04122867324724e-002
 1.66037451389236e+000    9.46499087177995e-003
 1.70996413178621e+000    8.64657273284276e-003
 1.76040752707364e+000    8.04402157870632e-003
 1.81130466504230e+000    8.56269426267683e-003
 1.86005493582353e+000    8.07291174124223e-003
 1.91134485067093e+000    7.41236531631019e-003
 1.95839337293188e+000    6.70993862975118e-003
 2.00970898904895e+000    7.01918678051921e-003
 2.05930723095687e+000    6.52618143940829e-003
 2.10973038969643e+000    5.16003787849140e-003
 2.16015986702055e+000    4.03231557538782e-003
 2.21061325250251e+000    3.80672776130756e-003
 2.26065055065184e+000    3.88077792933210e-003
 2.31109915450223e+000    3.47476321744717e-003
 2.36070892355768e+000    3.41671557640107e-003
 2.40948130938491e+000    3.76140745731305e-003
 2.46038092355563e+000    4.37351549907525e-003
 2.51084592157139e+000    4.58610729394918e-003
 2.56046346077814e+000    4.82125336183565e-003
 2.61092948342924e+000    5.07250806338201e-003
