 2.10515086744916e-001    5.43593984149631e-003
 2.59690751963080e-001    4.99770740689815e-003
 3.09301289495032e-001    4.96865694585636e-003
 3.58911827026983e-001    4.93960648481458e-003
 4.08114474308991e-001    5.51949725925702e-003
 4.58142123808908e-001    5.22947172278286e-003
 5.07748135868126e-001    5.02966009060452e-003
 5.61598870578624e-001    4.99738316673854e-003
 6.11222386824829e-001    5.45806285688084e-003
 6.59978036941576e-001    5.17126059547650e-003
 7.09590026040253e-001    5.19698258555399e-003
 7.59621603308957e-001    5.05516485799081e-003
 8.09251352753456e-001    5.75104389705705e-003
 8.58435727371975e-001    5.64144616917452e-003
 9.08517938703525e-001    7.41022041300717e-003
 9.57685919156670e-001    6.68201617836579e-003
 1.01116658973837e+000    8.68598612797451e-003
 1.06077089407203e+000    8.42173631800878e-003
 1.11082791645158e+000    9.24004743947757e-003
 1.16086700771274e+000    9.38175769417886e-003
 1.21010961577285e+000    1.14695018288460e-002
 1.26016800433284e+000    1.23393634925447e-002
 1.30934853656885e+000    1.20847798646405e-002
 1.35895506094574e+000    1.19042996857984e-002
 1.40859471519848e+000    1.29739201560315e-002
 1.45860938598414e+000    1.21941644683732e-002
 1.51158217898438e+000    1.10342203440151e-002
 1.56117495617051e+000    1.03350128339845e-002
 1.61037692036230e+000    1.08891283373120e-002
 1.65996132969318e+000    9.87417375612330e-003
 1.70955572921860e+000    9.23618251499077e-003
 1.75872533201102e+000    8.56919454924741e-003
 1.80877296189999e+000    9.03309569288560e-003
 1.85879600054089e+000    8.56908707638551e-003
 1.90796782337655e+000    7.98586874176574e-003
 1.96179874847055e+000    7.20610895556615e-003
 2.01099823646028e+000    7.66678910110194e-003
 2.06102221435024e+000    7.23822148238491e-003
 2.11016867746133e+000    5.69809620762254e-003
 2.16015166993786e+000    3.72301232200839e-003
 2.20890868623506e+000    3.48776060283395e-003
 2.25979130853646e+000    3.45870877561172e-003
 2.30896944995668e+000    3.11391169880526e-003
 2.35900085645283e+000    2.96565015346333e-003
 2.41158343416267e+000    3.08158240468878e-003
 2.46120481575192e+000    3.46171437259686e-003
 2.51124160158359e+000    3.51643308728518e-003
 2.56085435915876e+000    3.57115225736699e-003
 2.61046959293600e+000    3.71930678524050e-003
