-1.05981462099562e-004   -2.71874161539066e-001
 6.09851405088226e-003   -2.29557741408630e-001
 1.22637299230179e-002   -2.10381833306353e-001
 1.83563585190837e-002   -1.88357249671828e-001
 2.45208819847703e-002   -1.74877538623297e-001
 3.07232570030020e-002   -1.50005721969960e-001
 3.68507511488017e-002   -1.41153882524911e-001
 4.60774421351763e-002   -1.36242701282715e-001
 5.49014410709220e-002   -1.44144789881890e-001
 6.44215969905964e-002   -1.24995424026824e-001
 7.35029835986222e-002   -1.15454928667711e-001
