0     3.99499729152726e-002
 7.07367342488268e-002    2.95100549359224e-002
 1.15115210803959e-001    2.65779286599476e-002
 1.92298215431759e-001    2.21737840507557e-002
 2.55713509130964e-001    1.82318840205276e-002
 3.11797697707267e-001    1.57014686036768e-002
 3.58721210456226e-001    1.37307037464766e-002
 4.18444732850621e-001    1.26240751792802e-002
 4.71197897065405e-001    1.30262855341720e-002
 5.41530250257905e-001    1.18224361442027e-002
 5.66240841740316e-001    1.09830937906648e-002
