-3.62647877662038e-005    3.01661679310030e-001
 6.15797445468985e-003    2.59603180581846e-001
 1.23927916000840e-002    2.51365563357594e-001
 1.84429381754770e-002    2.23904723590384e-001
 2.45667106366132e-002    2.02139503871546e-001
 3.07287674043253e-002    1.95326512916105e-001
 3.69637576513317e-002    1.88512944955290e-001
 4.61514286492785e-002    1.72419688064484e-001
 5.49047444266891e-002    1.83030816895358e-001
 6.44579050537657e-002    1.73698908979005e-001
 7.36465281105799e-002    1.65437923037100e-001
