-7.78091747060077e-005   -4.01101439147571e-002
 6.08593533372548e-003   -3.30386545516909e-002
 1.23205361021043e-002   -4.30563333552382e-002
 1.84828957976378e-002   -4.73772380996649e-002
 2.45369804347094e-002   -4.24409571236923e-002
 3.07358501452932e-002   -4.64061380549470e-002
 3.68982531162297e-002   -5.03710304835145e-002
 4.59791636948219e-002   -4.47466705988515e-002
 5.48046772696747e-002   -4.01883281429563e-002
 6.44678439713356e-002   -4.45369291453429e-002
 7.35835335488555e-002   -5.27973380818739e-002
