 1.86753894660190e-002    1.45760611060757e-001
 1.03042909045837e-001    1.34410126503831e-001
 1.94370850666605e-001    1.23570925035054e-001
 2.80601454832787e-001    1.12579887982523e-001
 3.75181079427053e-001    1.02090837961995e-001
 5.09937096686731e-001    8.83574643457513e-002
 6.38282708560893e-001    7.68985258004292e-002
 7.33869405904545e-001    6.90061741306250e-002
 8.72496843214266e-001    6.06397235972639e-002
 1.88109569515133e-002   -1.28641923663886e-002
 1.52637368596373e-001   -1.19005012123607e-002
 2.93412582211997e-001   -1.07973692161101e-002
 3.87362786337896e-001   -1.17982445947307e-002
 4.76748239559367e-001   -1.07230007669246e-002
 5.71172929884497e-001   -1.13551325850008e-002
 6.64278742243603e-001   -9.74691487136584e-003
 7.55474989735605e-001   -9.98551364583575e-003
 8.52758217326299e-001   -8.03334185471813e-003
 9.44399900842068e-001   -8.83280268346154e-003
 2.25332527675134e-002   -1.30787763291424e-001
 1.02436728717841e-001   -1.22024681029073e-001
 1.92563929752802e-001   -1.12028321984398e-001
 2.83119136706252e-001   -1.03150588362887e-001
 3.74125589718562e-001   -9.46477956726859e-002
 4.65120422660686e-001   -8.65168452284119e-002
 5.54217310805891e-001   -7.98608690263156e-002
 6.44691177268044e-001   -7.35860311262947e-002
 7.35165043730197e-001   -6.73111932262737e-002
 8.31656169869933e-001   -6.10766382362283e-002
 9.24415316801847e-001   -5.57468993779389e-002
