 9.10620600820489e-003    1.81633609873475e-001
 6.40247448590580e-002    1.71858271975853e-001
 1.12281676823367e-001    1.62690107692919e-001
 1.55937529630081e-001    1.56948000054181e-001
 1.90154139778392e-001    1.51830106740387e-001
 2.25839571762582e-001    1.45193055954264e-001
 2.62463466246504e-001    1.40060394024915e-001
 2.98541271507889e-001    1.36063692057762e-001
 3.36276220300554e-001    1.30924213844310e-001
 3.74019034036416e-001    1.26728528814312e-001
 7.62672280488343e-003   -4.03488189695439e-002
 6.15270136766993e-002   -3.89805810183091e-002
 9.80270789994219e-002   -3.67505200693688e-002
 1.36366317594271e-001   -3.60418886874589e-002
 1.72489739526190e-001   -3.45645901905807e-002
 2.09906245507697e-001   -3.34727612985371e-002
 2.48069746316257e-001   -3.16304420491323e-002
 2.86228528158900e-001   -3.03543987097998e-002
 3.21421352534281e-001   -2.94376958862415e-002
 3.58106593575128e-001   -2.72087709846515e-002
 3.81437161070104e-001   -2.75406715874995e-002
 7.53374169866169e-003   -1.40395440605041e-001
 4.40542558736925e-002   -1.35711517379121e-001
 8.00208158829906e-002   -1.30835427374459e-001
 1.19505714536643e-001   -1.25980922269456e-001
 1.53976711903198e-001   -1.22794571616207e-001
 1.91241074928003e-001   -1.17737675306307e-001
 2.28488135077778e-001   -1.14757124000005e-001
 2.63713992214580e-001   -1.09876489805941e-001
 3.00788460555344e-001   -1.05384733358763e-001
 3.38407445130005e-001   -1.02217695510472e-001
 3.76221043354626e-001   -9.79192418893866e-002
