 7.28191064940699e-004    1.49228040004028e-001
 7.09192250187858e-002    1.28674459860404e-001
 1.15689418764089e-001    1.24283622673081e-001
 1.94554835111204e-001    1.14643612447419e-001
 2.59973893575651e-001    1.04349779606002e-001
 3.16234400055776e-001    9.72785795626205e-002
 3.61420979649384e-001    9.13972747062059e-002
 4.20985459418842e-001    8.63495162177446e-002
 4.72421700093735e-001    8.78647733698978e-002
 5.42620480761037e-001    8.23739028717067e-002
 5.68078117858498e-001    8.22034751756567e-002
 2.12453616553177e-003   -1.34963241844647e-002
 7.24743777452416e-002   -1.41532454856027e-002
 1.16845615747519e-001   -1.64958516349439e-002
 1.96354009311550e-001   -2.03754057341173e-002
 2.59865439587255e-001   -1.76392665411699e-002
 3.16230526699048e-001   -2.13638863712070e-002
 3.62517139603523e-001   -2.16737549094796e-002
 4.22383741197797e-001   -1.70536150038346e-002
 4.73246725076886e-001   -1.90677605026068e-002
 5.42752174889803e-001   -1.71155887114892e-002
 5.68393796431864e-001   -2.62133289951738e-002
 2.51961855182939e-003   -1.34187021156274e-001
 7.21083455344070e-002   -1.14755165121197e-001
 1.15873403208689e-001   -1.06865912136776e-001
 1.95389543486176e-001   -9.56827565905165e-002
 2.59520710838427e-001   -8.79298457629351e-002
 3.17224042699885e-001   -7.84602632333233e-002
 3.63222090528093e-001   -7.31893993973057e-002
 4.22017708986962e-001   -7.32110901949848e-002
 4.72944603252070e-001   -7.31801033411575e-002
 5.42889679053661e-001   -7.19747147272770e-002
 5.69083253929520e-001   -6.34099483294212e-002
